1731635981165 0.03125 0
1731635981166 0.030303030303030304 1
1731635981167 0.029411764705882353 2
1731635981168 0.06666666666666667 3
1731635981169 0.10714285714285714 4
1731635981170 0.038461538461538464 5
1731635981171 0.04878048780487805 6
1731635981172 0.029411764705882353 7
1731635981173 0.058823529411764705 8
1731635981174 0.037037037037037035 9
1731635981175 0.045454545454545456 10
1731635981176 0.16 11
1731635981177 0.03125 12
1731635981178 0.037037037037037035 13
1731635981179 0.13333333333333333 14
1731635981180 0.10256410256410256 15
1731635981181 0.14285714285714285 16
1731635981182 0.029411764705882353 17
1731635981182 0.12121212121212122 18
1731635981183 0.0625 19
