1731012616401 0.1111111111111111 0
1731012616402 0.0 1
1731012616402 0.0 2
1731012616403 0.047619047619047616 3
1731012616403 0.0 4
1731012616404 0.0 5
1731012616404 0.15384615384615385 7
1731012616404 0.045454545454545456 8
1731012616405 0.0 9
1731012616405 0.0 10
1731012616405 0.1111111111111111 11
1731012616406 0.045454545454545456 12
1731012616406 0.0 13
1731012616407 0.045454545454545456 14
1731012616407 0.045454545454545456 15
1731012616407 0.05263157894736842 16
1731012616408 0.0 17
1731012616408 0.09523809523809523 18
1731012616408 0.08571428571428572 19
