1731712515706 0.06818181818181818 1
1731712515707 0.038461538461538464 2
1731712515708 0.0 3
1731712515709 0.03333333333333333 5
1731712515710 0.02631578947368421 6
1731712515711 0.03333333333333333 8
1731712515712 0.038461538461538464 9
1731712515713 0.08823529411764706 10
1731712515715 0.09375 11
1731712515716 0.075 12
1731712515717 0.07317073170731707 13
1731712515718 0.12121212121212122 14
1731712515719 0.04 15
1731712515720 0.023255813953488372 16
1731712515721 0.14705882352941177 17
1731712515722 0.045454545454545456 18
1731712515723 0.13333333333333333 19
