1731712515724 0.06818181818181818 1
1731712515725 0.038461538461538464 2
1731712515726 0.0 3
1731712515727 0.03333333333333333 5
1731712515728 0.02631578947368421 6
1731712515729 0.03333333333333333 8
1731712515729 0.038461538461538464 9
1731712515730 0.08823529411764706 10
1731712515732 0.09375 11
1731712515733 0.075 12
1731712515734 0.07317073170731707 13
1731712515735 0.12121212121212122 14
1731712515736 0.04 15
1731712515737 0.023255813953488372 16
1731712515738 0.14705882352941177 17
1731712515739 0.045454545454545456 18
1731712515740 0.13333333333333333 19
