1731685664286 0.03225806451612903 0
1731685664287 0.02857142857142857 2
1731685664288 0.09375 3
1731685664289 0.0625 4
1731685664290 0.045454545454545456 5
1731685664291 0.029411764705882353 6
1731685664291 0.06666666666666667 7
1731685664292 0.0 8
1731685664294 0.11538461538461539 9
1731685664294 0.0 10
1731685664295 0.0 11
1731685664296 0.07142857142857142 12
1731685664297 0.09090909090909091 13
1731685664298 0.03225806451612903 14
1731685664299 0.06451612903225806 15
1731685664300 0.0625 16
1731685664301 0.13333333333333333 17
1731685664302 0.04 18
1731685664303 0.0 19
