1731685664304 0.03225806451612903 0
1731685664305 0.02857142857142857 2
1731685664306 0.09375 3
1731685664307 0.0625 4
1731685664308 0.045454545454545456 5
1731685664308 0.029411764705882353 6
1731685664309 0.06666666666666667 7
1731685664310 0.0 8
1731685664311 0.11538461538461539 9
1731685664312 0.0 10
1731685664313 0.0 11
1731685664314 0.07142857142857142 12
1731685664315 0.09090909090909091 13
1731685664316 0.03225806451612903 14
1731685664316 0.06451612903225806 15
1731685664318 0.0625 16
1731685664319 0.13333333333333333 17
1731685664320 0.04 18
1731685664321 0.0 19
