1731012529166 0.0 0
1731012529167 0.0 1
1731012529167 0.045454545454545456 2
1731012529167 0.045454545454545456 3
1731012529168 0.045454545454545456 4
1731012529168 0.0 5
1731012529168 0.0 6
1731012529169 0.045454545454545456 7
1731012529169 0.08695652173913043 8
1731012529170 0.08695652173913043 9
1731012529170 0.0 10
1731012529170 0.0 11
1731012529170 0.04 12
1731012529171 0.08695652173913043 13
1731012529171 0.0 14
1731012529171 0.05 15
1731012529172 0.0 16
1731012529172 0.047619047619047616 17
1731012529172 0.05 18
1731012529173 0.0 19
