1731012529159 0.0 0
1731012529160 0.08333333333333333 1
1731012529160 0.045454545454545456 2
1731012529160 0.045454545454545456 3
1731012529161 0.045454545454545456 4
1731012529161 0.0 6
1731012529162 0.045454545454545456 7
1731012529162 0.08695652173913043 8
1731012529163 0.08695652173913043 9
1731012529163 0.0 10
1731012529163 0.0 11
1731012529164 0.04 12
1731012529164 0.08695652173913043 13
1731012529165 0.0 14
1731012529165 0.09090909090909091 15
1731012529165 0.0 16
1731012529166 0.05 18
1731012529166 0.0 19
