1731789087145 0.0 0
1731789087146 0.125 1
1731789087148 0.047619047619047616 2
1731789087149 0.029411764705882353 3
1731789087150 0.03125 4
1731789087152 0.05128205128205128 5
1731789087153 0.0 6
1731789087154 0.022727272727272728 7
1731789087156 0.0975609756097561 9
1731789087157 0.175 10
1731789087158 0.10344827586206896 11
1731789087159 0.02702702702702703 12
1731789087160 0.0 13
1731789087161 0.043478260869565216 14
1731789087162 0.18181818181818182 15
1731789087163 0.0 16
1731789087164 0.0 17
