1731789087166 0.0 0
1731789087167 0.125 1
1731789087168 0.047619047619047616 2
1731789087169 0.029411764705882353 3
1731789087170 0.03125 4
1731789087171 0.05128205128205128 5
1731789087172 0.0 6
1731789087173 0.022727272727272728 7
1731789087175 0.0975609756097561 9
1731789087176 0.175 10
1731789087177 0.10344827586206896 11
1731789087178 0.02702702702702703 12
1731789087179 0.0 13
1731789087180 0.043478260869565216 14
1731789087181 0.18181818181818182 15
1731789087182 0.0 16
1731789087183 0.0 17
