1731373285535 0.1 0
1731373285536 0.08695652173913043 1
1731373285537 0.0 2
1731373285537 0.0 3
1731373285538 0.0 4
1731373285539 0.0 5
1731373285540 0.09090909090909091 6
1731373285540 0.0 7
1731373285541 0.0 8
1731373285542 0.0 9
1731373285543 0.07407407407407407 10
1731373285543 0.0 11
1731373285544 0.041666666666666664 12
1731373285545 0.125 13
1731373285546 0.0 14
1731373285546 0.4444444444444444 15
1731373285547 0.0 16
1731373285548 0.0 17
1731373285548 0.16666666666666666 18
1731373285549 0.10714285714285714 19
