1731635546510 0.058823529411764705 0
1731635546511 0.058823529411764705 1
1731635546512 0.0 2
1731635546512 0.14814814814814814 3
1731635546513 0.125 4
1731635546514 0.0 5
1731635546515 0.037037037037037035 6
1731635546516 0.0 7
1731635546517 0.04 8
1731635546517 0.05128205128205128 9
1731635546518 0.08108108108108109 10
1731635546519 0.03333333333333333 11
1731635546520 0.11428571428571428 13
1731635546521 0.058823529411764705 14
1731635546521 0.058823529411764705 15
1731635546522 0.0 16
1731635546523 0.029411764705882353 17
1731635546524 0.038461538461538464 18
1731635546525 0.05128205128205128 19
