1731373457229 0.0625 0
1731373457229 0.18181818181818182 1
1731373457230 0.047619047619047616 2
1731373457231 0.05263157894736842 3
1731373457232 0.07142857142857142 4
1731373457232 0.1 5
1731373457233 0.0 6
1731373457234 0.05555555555555555 7
1731373457234 0.0 8
1731373457235 0.0 9
1731373457236 0.0967741935483871 10
1731373457237 0.06666666666666667 11
1731373457238 0.21739130434782608 12
1731373457238 0.0 13
1731373457239 0.0 14
1731373457240 0.0 15
1731373457240 0.0 16
1731373457241 0.0 17
1731373457242 0.0 18
1731373457242 0.0 19
