1731635546493 0.058823529411764705 0
1731635546495 0.058823529411764705 1
1731635546496 0.0 2
1731635546496 0.14814814814814814 3
1731635546497 0.125 4
1731635546498 0.0 5
1731635546499 0.037037037037037035 6
1731635546500 0.0 7
1731635546501 0.04 8
1731635546502 0.05128205128205128 9
1731635546502 0.08108108108108109 10
1731635546503 0.03333333333333333 11
1731635546504 0.11428571428571428 13
1731635546505 0.058823529411764705 14
1731635546506 0.058823529411764705 15
1731635546507 0.0 16
1731635546507 0.029411764705882353 17
1731635546508 0.038461538461538464 18
1731635546509 0.05128205128205128 19
