1731373441944 0.0 0
1731373441946 0.0 1
1731373441948 0.058823529411764705 2
1731373441949 0.09523809523809523 3
1731373441950 0.0 4
1731373441951 0.0 5
1731373441952 0.041666666666666664 6
1731373441953 0.0 7
1731373441954 0.05 9
1731373441955 0.17391304347826086 10
1731373441956 0.0 11
1731373441956 0.08695652173913043 12
1731373441957 0.22727272727272727 13
1731373441958 0.16666666666666666 14
1731373441959 0.09090909090909091 15
1731373441959 0.0 16
1731373441960 0.0 17
1731373441961 0.0 18
1731373441963 0.0 19
