1731788679730 0.029411764705882353 0
1731788679731 0.1 1
1731788679733 0.0 3
1731788679734 0.075 4
1731788679735 0.022727272727272728 6
1731788679736 0.025 7
1731788679737 0.12195121951219512 8
1731788679738 0.16216216216216217 9
1731788679739 0.0 10
1731788679740 0.1388888888888889 11
1731788679741 0.11904761904761904 12
1731788679741 0.03333333333333333 13
1731788679742 0.09090909090909091 14
1731788679743 0.05128205128205128 15
1731788679744 0.03225806451612903 16
1731788679745 0.07692307692307693 18
1731788679746 0.07142857142857142 19
