1731788679747 0.029411764705882353 0
1731788679748 0.1 1
1731788679749 0.0 3
1731788679750 0.075 4
1731788679751 0.022727272727272728 6
1731788679752 0.025 7
1731788679753 0.12195121951219512 8
1731788679754 0.16216216216216217 9
1731788679755 0.0 10
1731788679756 0.1388888888888889 11
1731788679757 0.11904761904761904 12
1731788679758 0.03333333333333333 13
1731788679759 0.09090909090909091 14
1731788679760 0.05128205128205128 15
1731788679761 0.03225806451612903 16
1731788679762 0.07692307692307693 18
1731788679763 0.07142857142857142 19
