1731016678292 0.13043478260869565 0
1731016678293 0.047619047619047616 1
1731016678294 0.05 2
1731016678294 0.0 3
1731016678295 0.0 4
1731016678295 0.0 5
1731016678296 0.0 7
1731016678296 0.05555555555555555 8
1731016678297 0.07142857142857142 9
1731016678297 0.15789473684210525 10
1731016678298 0.05 11
1731016678298 0.047619047619047616 12
1731016678298 0.15789473684210525 13
1731016678299 0.047619047619047616 14
1731016678299 0.09523809523809523 15
1731016678300 0.15 16
1731016678300 0.0 17
1731016678301 0.043478260869565216 18
1731016678301 0.08823529411764706 19
