1731615607425 0.09090909090909091 0
1731615607426 0.0 1
1731615607427 0.09090909090909091 2
1731615607428 0.08333333333333333 3
1731615607428 0.1 4
1731615607429 0.0 5
1731615607429 0.09523809523809523 6
1731615607430 0.14285714285714285 7
1731615607431 0.10526315789473684 8
1731615607431 0.0 9
1731615607432 0.05 10
1731615607433 0.07142857142857142 11
1731615607433 0.14285714285714285 12
1731615607434 0.10526315789473684 13
1731615607435 0.09090909090909091 14
1731615607435 0.09090909090909091 15
1731615607436 0.09090909090909091 16
1731615607437 0.058823529411764705 17
1731615607437 0.06666666666666667 18
1731615607438 0.08571428571428572 19
