1731615606738 0.08571428571428572 0
1731615606738 0.14285714285714285 1
1731615606739 0.09523809523809523 2
1731615606740 0.09523809523809523 3
1731615606740 0.08 4
1731615606741 0.08695652173913043 5
1731615606742 0.08333333333333333 6
1731615606742 0.08695652173913043 7
1731615606743 0.08333333333333333 8
1731615606744 0.10526315789473684 9
1731615606745 0.041666666666666664 10
1731615606745 0.09523809523809523 11
1731615606746 0.09523809523809523 12
1731615606747 0.09090909090909091 13
1731615606747 0.08695652173913043 14
1731615606748 0.1 15
1731615606749 0.15 16
1731615606749 0.043478260869565216 17
1731615606750 0.10526315789473684 18
1731615606751 0.08571428571428572 19
