1731615607060 0.08571428571428572 0
1731615607061 0.07142857142857142 1
1731615607061 0.0 2
1731615607062 0.08333333333333333 3
1731615607063 0.09523809523809523 4
1731615607063 0.0 5
1731615607064 0.09090909090909091 6
1731615607065 0.10526315789473684 7
1731615607066 0.0 8
1731615607066 0.11764705882352941 9
1731615607067 0.047619047619047616 10
1731615607068 0.05555555555555555 11
1731615607069 0.11764705882352941 12
1731615607069 0.09523809523809523 13
1731615607070 0.0 14
1731615607071 0.09090909090909091 15
1731615607071 0.1 16
1731615607072 0.05263157894736842 17
1731615607073 0.125 18
1731615607073 0.08571428571428572 19
