1731615606723 0.08571428571428572 0
1731615606724 0.14285714285714285 1
1731615606725 0.09523809523809523 2
1731615606726 0.09523809523809523 3
1731615606727 0.08 4
1731615606727 0.08695652173913043 5
1731615606728 0.08333333333333333 6
1731615606729 0.08695652173913043 7
1731615606729 0.08333333333333333 8
1731615606730 0.10526315789473684 9
1731615606731 0.041666666666666664 10
1731615606731 0.09523809523809523 11
1731615606732 0.09523809523809523 12
1731615606733 0.09090909090909091 13
1731615606733 0.08695652173913043 14
1731615606734 0.1 15
1731615606735 0.15 16
1731615606736 0.043478260869565216 17
1731615606736 0.10526315789473684 18
1731615606737 0.08571428571428572 19
