1731615607074 0.08571428571428572 0
1731615607075 0.07142857142857142 1
1731615607075 0.0 2
1731615607076 0.08333333333333333 3
1731615607077 0.09523809523809523 4
1731615607077 0.0 5
1731615607078 0.09090909090909091 6
1731615607079 0.10526315789473684 7
1731615607079 0.0 8
1731615607080 0.11764705882352941 9
1731615607081 0.047619047619047616 10
1731615607082 0.05555555555555555 11
1731615607083 0.11764705882352941 12
1731615607084 0.09523809523809523 13
1731615607084 0.0 14
1731615607085 0.09090909090909091 15
1731615607086 0.1 16
1731615607086 0.05263157894736842 17
1731615607087 0.10526315789473684 18
1731615607088 0.08571428571428572 19
