1731698280954 0.05263157894736842 0
1731698280955 0.18518518518518517 1
1731698280957 0.0 2
1731698280958 0.1 3
1731698280960 0.07142857142857142 4
1731698280961 0.041666666666666664 5
1731698280962 0.0 6
1731698280963 0.0 7
1731698280964 0.0 8
1731698280965 0.18181818181818182 9
1731698280967 0.0 10
1731698280968 0.06451612903225806 11
1731698280969 0.047619047619047616 12
1731698280970 0.22727272727272727 13
1731698280971 0.3333333333333333 15
1731698280973 0.05263157894736842 16
1731698280975 0.0 17
1731698280976 0.0 18
1731698280977 0.0 19
