1731698280979 0.05263157894736842 0
1731698280980 0.18518518518518517 1
1731698280981 0.0 2
1731698280982 0.1 3
1731698280983 0.07142857142857142 4
1731698280984 0.041666666666666664 5
1731698280986 0.0 6
1731698280987 0.0 7
1731698280988 0.0 8
1731698280990 0.18181818181818182 9
1731698280991 0.0 10
1731698280992 0.07692307692307693 11
1731698280994 0.047619047619047616 12
1731698280995 0.22727272727272727 13
1731698280996 0.3333333333333333 15
1731698280997 0.05263157894736842 16
1731698280999 0.0 17
1731698281000 0.0 18
1731698281001 0.0 19
