1731108203954 0.11538461538461539 1
1731108203955 0.0 2
1731108203956 0.1111111111111111 3
1731108203957 0.10714285714285714 4
1731108203957 0.0 5
1731108203958 0.0 6
1731108203959 0.10344827586206896 7
1731108203959 0.15151515151515152 8
1731108203960 0.1 9
1731108203961 0.10344827586206896 10
1731108203961 0.1111111111111111 11
1731108203962 0.0 12
1731108203963 0.10344827586206896 13
1731108203964 0.09375 14
1731108203964 0.10344827586206896 15
1731108203965 0.0 16
1731108203966 0.07407407407407407 17
1731108203966 0.0 18
1731108203967 0.08571428571428572 19
