1731108203940 0.11538461538461539 1
1731108203941 0.10714285714285714 2
1731108203942 0.1111111111111111 3
1731108203944 0.10714285714285714 4
1731108203945 0.1 5
1731108203946 0.10344827586206896 7
1731108203947 0.1 9
1731108203947 0.10344827586206896 10
1731108203948 0.1111111111111111 11
1731108203949 0.0 12
1731108203950 0.10344827586206896 13
1731108203950 0.09375 14
1731108203951 0.10344827586206896 15
1731108203952 0.0 16
1731108203952 0.07407407407407407 17
1731108203953 0.0 18
1731108203954 0.08571428571428572 19
