1731108205781 0.08571428571428572 0
1731108205781 0.12 1
1731108205782 0.1111111111111111 2
1731108205783 0.125 3
1731108205784 0.10714285714285714 4
1731108205785 0.10714285714285714 5
1731108205785 0.08823529411764706 6
1731108205786 0.10344827586206896 7
1731108205787 0.15151515151515152 8
1731108205787 0.10714285714285714 9
1731108205788 0.06896551724137931 10
1731108205789 0.1111111111111111 11
1731108205789 0.1111111111111111 12
1731108205790 0.1111111111111111 13
1731108205791 0.0967741935483871 14
1731108205791 0.07692307692307693 15
1731108205792 0.07407407407407407 16
1731108205793 0.07692307692307693 17
1731108205794 0.1 18
1731108205794 0.08571428571428572 19
