1731108205795 0.08571428571428572 0
1731108205796 0.12 1
1731108205796 0.1111111111111111 2
1731108205797 0.125 3
1731108205798 0.10714285714285714 4
1731108205798 0.10714285714285714 5
1731108205799 0.0 6
1731108205800 0.10344827586206896 7
1731108205801 0.15151515151515152 8
1731108205801 0.10714285714285714 9
1731108205802 0.06896551724137931 10
1731108205803 0.1111111111111111 11
1731108205803 0.1111111111111111 12
1731108205804 0.1111111111111111 13
1731108205805 0.0967741935483871 14
1731108205805 0.07692307692307693 15
1731108205806 0.07407407407407407 16
1731108205807 0.07692307692307693 17
1731108205807 0.1 18
1731108205808 0.08571428571428572 19
