1731016644913 0.11538461538461539 0
1731016644914 0.05 1
1731016644915 0.0 2
1731016644915 0.0 3
1731016644915 0.0 4
1731016644916 0.0 5
1731016644916 0.037037037037037035 6
1731016644917 0.09523809523809523 7
1731016644917 0.0 8
1731016644918 0.1875 10
1731016644918 0.09523809523809523 11
1731016644918 0.0 12
1731016644919 0.09090909090909091 13
1731016644919 0.13636363636363635 14
1731016644920 0.045454545454545456 15
1731016644920 0.0 16
1731016644920 0.0 17
1731016644921 0.043478260869565216 18
1731016644921 0.08823529411764706 19
