1731016644922 0.11538461538461539 0
1731016644922 0.05 1
1731016644923 0.0 2
1731016644923 0.0 3
1731016644923 0.0 4
1731016644924 0.0 5
1731016644924 0.037037037037037035 6
1731016644925 0.0 7
1731016644925 0.0 8
1731016644925 0.07692307692307693 9
1731016644926 0.1875 10
1731016644927 0.09523809523809523 11
1731016644927 0.0 12
1731016644928 0.09090909090909091 13
1731016644929 0.13636363636363635 14
1731016644929 0.045454545454545456 15
1731016644930 0.0 16
1731016644930 0.0 17
1731016644931 0.05 18
1731016644931 0.08823529411764706 19
