1731012581838 0.0 0
1731012581838 0.0 1
1731012581839 0.13043478260869565 2
1731012581839 0.0 3
1731012581840 0.0 4
1731012581840 0.047619047619047616 5
1731012581841 0.0 6
1731012581841 0.0 7
1731012581841 0.0 8
1731012581842 0.0 9
1731012581842 0.0 10
1731012581843 0.0 11
1731012581843 0.0 12
1731012581843 0.05263157894736842 13
1731012581844 0.047619047619047616 14
1731012581844 0.05 15
1731012581845 0.0 16
1731012581845 0.047619047619047616 17
1731012581845 0.14285714285714285 18
1731012581846 0.08571428571428572 19
