1731602745793 0.08333333333333333 0
1731602745794 0.0 1
1731602745795 0.17647058823529413 2
1731602745796 0.13333333333333333 3
1731602745797 0.08695652173913043 4
1731602745797 0.0 5
1731602745798 0.0 6
1731602745799 0.0 7
1731602745799 0.043478260869565216 8
1731602745800 0.0 9
1731602745801 0.0 11
1731602745802 0.0 12
1731602745803 0.07692307692307693 13
1731602745803 0.0 14
1731602745805 0.0 15
1731602745806 0.0 16
1731602745807 0.09090909090909091 17
1731602745808 0.0 18
1731602745809 0.0 19
