1731615360712 0.08571428571428572 0
1731615360713 0.05263157894736842 1
1731615360714 0.17647058823529413 2
1731615360715 0.11764705882352941 3
1731615360716 0.11764705882352941 4
1731615360716 0.09523809523809523 5
1731615360717 0.11764705882352941 6
1731615360718 0.125 7
1731615360719 0.0 8
1731615360719 0.047619047619047616 9
1731615360720 0.0 11
1731615360721 0.058823529411764705 12
1731615360721 0.045454545454545456 14
1731615360722 0.11764705882352941 15
1731615360723 0.05263157894736842 16
1731615360724 0.0 17
1731615360725 0.0 18
