1731615360725 0.08571428571428572 0
1731615360726 0.05263157894736842 1
1731615360727 0.17647058823529413 2
1731615360727 0.0 3
1731615360728 0.11764705882352941 4
1731615360729 0.09523809523809523 5
1731615360729 0.11764705882352941 6
1731615360730 0.125 7
1731615360731 0.0 8
1731615360731 0.06666666666666667 9
1731615360732 0.0 11
1731615360733 0.058823529411764705 12
1731615360733 0.05263157894736842 14
1731615360734 0.11764705882352941 15
1731615360735 0.0625 16
1731615360735 0.0 17
1731615360736 0.10526315789473684 18
