1731012547673 0.0 0
1731012547673 0.0 1
1731012547674 0.045454545454545456 2
1731012547674 0.047619047619047616 3
1731012547674 0.045454545454545456 4
1731012547675 0.0 5
1731012547675 0.0 6
1731012547676 0.045454545454545456 7
1731012547676 0.08695652173913043 8
1731012547676 0.0 9
1731012547677 0.0 10
1731012547677 0.0 11
1731012547677 0.04 12
1731012547678 0.08695652173913043 13
1731012547678 0.0 14
1731012547679 0.05 15
1731012547679 0.0 16
1731012547679 0.047619047619047616 17
1731012547680 0.05263157894736842 18
1731012547680 0.0 19
