1731373456294 0.0625 0
1731373456295 0.0 1
1731373456295 0.05263157894736842 2
1731373456296 0.05263157894736842 3
1731373456297 0.07142857142857142 4
1731373456297 0.0 5
1731373456298 0.0 6
1731373456299 0.05555555555555555 7
1731373456300 0.0 8
1731373456301 0.0 9
1731373456302 0.0 11
1731373456303 0.05 12
1731373456304 0.0 13
1731373456305 0.11764705882352941 14
1731373456305 0.0 15
1731373456306 0.10526315789473684 16
1731373456307 0.10526315789473684 17
1731373456308 0.0625 18
1731373456308 0.0 19
