1731105789207 0.09523809523809523 0
1731105789208 0.0 1
1731105789208 0.09090909090909091 2
1731105789209 0.13636363636363635 3
1731105789210 0.045454545454545456 4
1731105789210 0.0 5
1731105789211 0.0 6
1731105789211 0.0 7
1731105789212 0.0 8
1731105789213 0.05263157894736842 11
1731105789213 0.043478260869565216 12
1731105789214 0.18181818181818182 13
1731105789215 0.08333333333333333 14
1731105789215 0.20833333333333334 15
1731105789216 0.0 16
1731105789216 0.0 17
1731105789217 0.15789473684210525 18
1731105789218 0.0 19
