1731786575132 0.03125 0
1731786575133 0.04 2
1731786575134 0.0 3
1731786575135 0.0 4
1731786575136 0.0 5
1731786575137 0.3333333333333333 6
1731786575138 0.26666666666666666 7
1731786575139 0.02564102564102564 8
1731786575140 0.25925925925925924 10
1731786575141 0.0 11
1731786575142 0.024390243902439025 12
1731786575143 0.0 13
1731786575145 0.0 14
1731786575146 0.2702702702702703 15
1731786575147 0.0 16
1731786575148 0.08108108108108109 17
1731786575149 0.0 18
1731786575150 0.024390243902439025 19
