1730401985859 0.0 6
1730401985859 0.0 8
1730401985860 0.0 12
1730401985860 0.0 13
1730401985860 0.09090909090909091 15
1730401985861 0.0 16
1730401985861 0.0 18
1730401985861 0.0 36
1730401985861 0.07142857142857142 38
1730401985862 0.07407407407407407 40
1730401985862 0.0 44
1730401985862 0.0 50
1730401985863 0.0 65
1730401985863 0.0 69
1730401985863 0.15384615384615385 73
1730401985864 0.0 75
1730401985864 0.08333333333333333 80
1730401985864 0.0 81
1730401985865 0.05555555555555555 82
1730401985865 0.0 90
1730401985865 0.058823529411764705 96
1730401985866 0.08333333333333333 112
1730401985866 0.08108108108108109 119
