1731016581392 0.0625 0
1731016581392 0.0 1
1731016581393 0.045454545454545456 2
1731016581393 0.0 3
1731016581394 0.0 4
1731016581394 0.0 5
1731016581394 0.0 6
1731016581395 0.3 7
1731016581395 0.1 8
1731016581395 0.1111111111111111 9
1731016581396 0.07692307692307693 10
1731016581396 0.0 11
1731016581396 0.10526315789473684 12
1731016581397 0.038461538461538464 13
1731016581397 0.041666666666666664 14
1731016581398 0.2777777777777778 15
1731016581399 0.0 16
1731016581399 0.0 17
1731016581399 0.0 19
