1731698863250 0.08571428571428572 0
1731698863252 0.0 1
1731698863253 0.1111111111111111 2
1731698863254 0.0 3
1731698863255 0.07692307692307693 4
1731698863256 0.0 5
1731698863258 0.07692307692307693 6
1731698863259 0.06896551724137931 7
1731698863260 0.10714285714285714 8
1731698863262 0.07407407407407407 9
1731698863263 0.07407407407407407 10
1731698863265 0.12 11
1731698863266 0.10714285714285714 12
1731698863267 0.0 15
1731698863268 0.07142857142857142 17
1731698863269 0.10714285714285714 18
1731698863271 0.08571428571428572 19
