1731698863272 0.08571428571428572 0
1731698863273 0.11538461538461539 1
1731698863274 0.1111111111111111 2
1731698863275 0.0 3
1731698863277 0.07692307692307693 4
1731698863278 0.0 5
1731698863280 0.07692307692307693 6
1731698863281 0.06896551724137931 7
1731698863282 0.10714285714285714 8
1731698863283 0.07407407407407407 9
1731698863284 0.07407407407407407 10
1731698863286 0.12 11
1731698863287 0.10714285714285714 12
1731698863288 0.1 14
1731698863289 0.10344827586206896 15
1731698863290 0.07407407407407407 16
1731698863291 0.07142857142857142 17
1731698863292 0.10714285714285714 18
1731698863294 0.08571428571428572 19
