1731016570371 0.09523809523809523 0
1731016570372 0.0 1
1731016570372 0.05 2
1731016570372 0.0 3
1731016570373 0.0 4
1731016570373 0.0 5
1731016570374 0.047619047619047616 6
1731016570374 0.21428571428571427 7
1731016570375 0.045454545454545456 8
1731016570375 0.0 9
1731016570375 0.0 10
1731016570376 0.16666666666666666 11
1731016570376 0.05263157894736842 12
1731016570377 0.038461538461538464 14
1731016570377 0.29411764705882354 15
1731016570377 0.1111111111111111 16
1731016570378 0.0 17
1731016570378 0.0 18
1731016570379 0.0 19
