1731016702540 0.0 0
1731016702540 0.047619047619047616 1
1731016702540 0.0 2
1731016702541 0.0 3
1731016702541 0.0 4
1731016702542 0.0 5
1731016702542 0.23529411764705882 6
1731016702543 0.1 7
1731016702544 0.09523809523809523 8
1731016702544 0.045454545454545456 10
1731016702544 0.14285714285714285 11
1731016702545 0.0 12
1731016702545 0.045454545454545456 13
1731016702546 0.038461538461538464 14
1731016702546 0.0 15
1731016702547 0.1 16
1731016702547 0.0 17
1731016702547 0.1 18
1731016702548 0.09090909090909091 19
