1731016702531 0.0 0
1731016702532 0.047619047619047616 1
1731016702532 0.0 2
1731016702533 0.10526315789473684 3
1731016702533 0.0 4
1731016702533 0.0 5
1731016702534 0.23529411764705882 6
1731016702534 0.0 7
1731016702535 0.09523809523809523 8
1731016702535 0.045454545454545456 10
1731016702536 0.14285714285714285 11
1731016702536 0.0 12
1731016702537 0.045454545454545456 13
1731016702537 0.038461538461538464 14
1731016702537 0.0 15
1731016702538 0.1 16
1731016702538 0.0 17
1731016702539 0.1 18
1731016702539 0.09090909090909091 19
