1731685086675 0.02631578947368421 0
1731685086676 0.0 1
1731685086677 0.0 3
1731685086678 0.04 4
1731685086679 0.0 6
1731685086679 0.024390243902439025 7
1731685086681 0.1111111111111111 8
1731685086682 0.0625 9
1731685086683 0.05555555555555555 11
1731685086683 0.08333333333333333 12
1731685086684 0.05714285714285714 13
1731685086685 0.13157894736842105 14
1731685086686 0.1 15
1731685086687 0.037037037037037035 16
1731685086688 0.0 17
1731685086689 0.05555555555555555 18
1731685086689 0.125 19
