1731685086659 0.02631578947368421 0
1731685086660 0.0 1
1731685086661 0.0 3
1731685086662 0.04 4
1731685086663 0.0 6
1731685086664 0.024390243902439025 7
1731685086666 0.1111111111111111 8
1731685086666 0.0625 9
1731685086667 0.05555555555555555 11
1731685086668 0.08333333333333333 12
1731685086669 0.05714285714285714 13
1731685086670 0.13157894736842105 14
1731685086671 0.1 15
1731685086672 0.037037037037037035 16
1731685086672 0.0 17
1731685086673 0.05555555555555555 18
1731685086674 0.125 19
