1731108221749 0.08333333333333333 0
1731108221750 0.15151515151515152 1
1731108221751 0.0 2
1731108221752 0.0 3
1731108221753 0.0 4
1731108221753 0.0 5
1731108221754 0.0 6
1731108221755 0.0 7
1731108221755 0.15151515151515152 8
1731108221756 0.0 9
1731108221757 0.0 10
1731108221758 0.10714285714285714 11
1731108221758 0.0 12
1731108221759 0.0967741935483871 13
1731108221760 0.0 15
1731108221761 0.0 16
1731108221761 0.06896551724137931 17
1731108221762 0.15151515151515152 18
1731108221763 0.08571428571428572 19
