1731108221764 0.08333333333333333 0
1731108221764 0.15151515151515152 1
1731108221765 0.0 2
1731108221766 0.0 3
1731108221766 0.0 4
1731108221767 0.0 5
1731108221768 0.0 6
1731108221768 0.0 7
1731108221769 0.15151515151515152 8
1731108221770 0.0 9
1731108221770 0.0 10
1731108221771 0.10714285714285714 11
1731108221771 0.0 12
1731108221772 0.0967741935483871 13
1731108221773 0.15151515151515152 14
1731108221773 0.0 15
1731108221774 0.0 16
1731108221775 0.06896551724137931 17
1731108221776 0.15151515151515152 18
1731108221776 0.08571428571428572 19
