1731105789195 0.09523809523809523 0
1731105789196 0.0 1
1731105789197 0.09090909090909091 2
1731105789198 0.13636363636363635 3
1731105789198 0.0 4
1731105789199 0.0 5
1731105789200 0.0 6
1731105789200 0.0 7
1731105789201 0.0 8
1731105789202 0.05263157894736842 11
1731105789202 0.043478260869565216 12
1731105789203 0.18181818181818182 13
1731105789203 0.08333333333333333 14
1731105789204 0.20833333333333334 15
1731105789205 0.0 16
1731105789205 0.0 17
1731105789206 0.15789473684210525 18
1731105789206 0.0 19
