1731016570361 0.09523809523809523 0
1731016570362 0.0 1
1731016570363 0.05 2
1731016570363 0.0 3
1731016570364 0.0 4
1731016570364 0.0 5
1731016570364 0.0 6
1731016570366 0.21428571428571427 7
1731016570366 0.045454545454545456 8
1731016570367 0.0 9
1731016570367 0.0 10
1731016570368 0.16666666666666666 11
1731016570368 0.05263157894736842 12
1731016570369 0.05 14
1731016570369 0.29411764705882354 15
1731016570370 0.1111111111111111 16
1731016570370 0.0 17
1731016570370 0.0 18
1731016570371 0.0 19
