1731012529619 0.0 0
1731012529620 0.0 1
1731012529621 0.05555555555555555 2
1731012529621 0.15 3
1731012529621 0.05263157894736842 4
1731012529622 0.047619047619047616 5
1731012529622 0.0 6
1731012529623 0.0 7
1731012529623 0.0 8
1731012529623 0.2631578947368421 9
1731012529624 0.07692307692307693 11
1731012529624 0.1111111111111111 12
1731012529625 0.0 14
1731012529625 0.034482758620689655 15
1731012529625 0.10526315789473684 16
1731012529626 0.20833333333333334 17
1731012529626 0.0625 18
1731012529626 0.0 19
