1731016611983 0.0 0
1731016611983 0.05 1
1731016611984 0.1875 2
1731016611984 0.0 3
1731016611985 0.045454545454545456 4
1731016611985 0.05263157894736842 5
1731016611986 0.1 6
1731016611986 0.0 7
1731016611987 0.0 8
1731016611987 0.09090909090909091 9
1731016611987 0.047619047619047616 10
1731016611988 0.0 11
1731016611988 0.0 12
1731016611989 0.0 13
1731016611989 0.045454545454545456 14
1731016611989 0.08695652173913043 15
1731016611990 0.0 16
1731016611991 0.043478260869565216 17
1731016611991 0.045454545454545456 18
1731016611991 0.0 19
