1731788853049 0.05263157894736842 0
1731788853051 0.13513513513513514 1
1731788853052 0.13043478260869565 2
1731788853053 0.0967741935483871 4
1731788853054 0.0 5
1731788853056 0.05714285714285714 6
1731788853058 0.0 7
1731788853059 0.058823529411764705 8
1731788853060 0.05714285714285714 9
1731788853061 0.09090909090909091 10
1731788853062 0.037037037037037035 12
1731788853063 0.08571428571428572 14
1731788853064 0.0975609756097561 16
1731788853065 0.030303030303030304 17
1731788853066 0.03571428571428571 18
1731788853067 0.10714285714285714 19
