1731788853068 0.05263157894736842 0
1731788853069 0.13513513513513514 1
1731788853071 0.13043478260869565 2
1731788853072 0.0967741935483871 4
1731788853073 0.0 5
1731788853074 0.05714285714285714 6
1731788853075 0.0 7
1731788853076 0.058823529411764705 8
1731788853077 0.05714285714285714 9
1731788853079 0.09090909090909091 10
1731788853080 0.037037037037037035 12
1731788853081 0.08571428571428572 14
1731788853082 0.0975609756097561 16
1731788853083 0.030303030303030304 17
1731788853084 0.03571428571428571 18
1731788853085 0.10714285714285714 19
