1731016690359 0.0 0
1731016690360 0.0 1
1731016690361 0.045454545454545456 2
1731016690361 0.0 3
1731016690361 0.0 5
1731016690362 0.0 6
1731016690362 0.05555555555555555 7
1731016690363 0.10526315789473684 8
1731016690363 0.07407407407407407 9
1731016690364 0.1 10
1731016690364 0.14285714285714285 11
1731016690365 0.05 12
1731016690365 0.045454545454545456 13
1731016690365 0.05 14
1731016690366 0.0 15
1731016690366 0.05555555555555555 16
1731016690367 0.0 17
1731016690367 0.0 18
1731016690368 0.09090909090909091 19
