1730489967283 0.0 6
1730489967283 0.0 8
1730489967283 0.0 12
1730489967284 0.0 13
1730489967284 0.09090909090909091 15
1730489967284 0.0 16
1730489967285 0.0 18
1730489967285 0.0 36
1730489967285 0.07142857142857142 38
1730489967286 0.07407407407407407 40
1730489967286 0.0 44
1730489967286 0.0 50
1730489967287 0.0 65
1730489967287 0.0 69
1730489967287 0.15384615384615385 73
1730489967288 0.0 75
1730489967288 0.08333333333333333 80
1730489967288 0.0 81
1730489967289 0.05555555555555555 82
1730489967289 0.0 90
1730489967289 0.058823529411764705 96
1730489967290 0.08333333333333333 112
1730489967290 0.08108108108108109 119
