1731615607411 0.09090909090909091 0
1731615607412 0.21428571428571427 1
1731615607413 0.09090909090909091 2
1731615607414 0.08333333333333333 3
1731615607414 0.1 4
1731615607415 0.0 5
1731615607416 0.09523809523809523 6
1731615607416 0.11764705882352941 7
1731615607417 0.10526315789473684 8
1731615607418 0.0 9
1731615607418 0.05 10
1731615607419 0.0625 11
1731615607420 0.14285714285714285 12
1731615607421 0.10526315789473684 13
1731615607421 0.09090909090909091 14
1731615607422 0.09090909090909091 15
1731615607423 0.09090909090909091 16
1731615607423 0.058823529411764705 17
1731615607424 0.06666666666666667 18
1731615607425 0.08571428571428572 19
