1731016559660 0.0 0
1731016559660 0.0 1
1731016559661 0.0 2
1731016559661 0.0 3
1731016559662 0.0 4
1731016559662 0.043478260869565216 5
1731016559663 0.047619047619047616 6
1731016559663 0.0 7
1731016559664 0.058823529411764705 8
1731016559664 0.0 9
1731016559664 0.0625 11
1731016559665 0.047619047619047616 12
1731016559666 0.0 14
1731016559666 0.058823529411764705 15
1731016559667 0.0 16
1731016559668 0.043478260869565216 17
1731016559668 0.2222222222222222 18
1731016559668 0.038461538461538464 19
