1731373285550 0.1 0
1731373285551 0.08695652173913043 1
1731373285551 0.0 2
1731373285552 0.0 3
1731373285553 0.0 4
1731373285553 0.0 5
1731373285554 0.09090909090909091 6
1731373285555 0.0 7
1731373285555 0.0 8
1731373285556 0.0 9
1731373285557 0.07407407407407407 10
1731373285557 0.0 11
1731373285558 0.041666666666666664 12
1731373285559 0.125 13
1731373285560 0.0 14
1731373285560 0.4444444444444444 15
1731373285561 0.09090909090909091 16
1731373285562 0.0 17
1731373285562 0.16666666666666666 18
1731373285563 0.10714285714285714 19
