1731635348243 0.038461538461538464 0
1731635348244 0.0967741935483871 1
1731635348245 0.025 2
1731635348246 0.03225806451612903 3
1731635348247 0.05 4
1731635348247 0.10526315789473684 5
1731635348248 0.09090909090909091 7
1731635348249 0.03225806451612903 8
1731635348250 0.0 9
1731635348250 0.05405405405405406 10
1731635348251 0.03571428571428571 11
1731635348252 0.06060606060606061 12
1731635348253 0.1388888888888889 14
1731635348253 0.06451612903225806 15
1731635348254 0.05263157894736842 16
1731635348255 0.10526315789473684 17
1731635348256 0.08333333333333333 18
1731635348257 0.02564102564102564 19
