1731012581846 0.0 0
1731012581847 0.0 1
1731012581847 0.13043478260869565 2
1731012581847 0.0 3
1731012581848 0.0 4
1731012581848 0.047619047619047616 5
1731012581848 0.0 6
1731012581849 0.0 7
1731012581849 0.0 8
1731012581850 0.0 9
1731012581850 0.0 10
1731012581850 0.0 11
1731012581851 0.0 12
1731012581851 0.05263157894736842 13
1731012581851 0.047619047619047616 14
1731012581852 0.05 15
1731012581852 0.0 16
1731012581853 0.047619047619047616 17
1731012581853 0.14285714285714285 18
1731012581853 0.08571428571428572 19
