1731108221103 0.08571428571428572 0
1731108221103 0.16129032258064516 1
1731108221104 0.0 2
1731108221105 0.0 3
1731108221105 0.0 4
1731108221106 0.0 5
1731108221107 0.0 6
1731108221108 0.0 7
1731108221108 0.15151515151515152 8
1731108221109 0.0 9
1731108221110 0.0 10
1731108221111 0.10714285714285714 11
1731108221111 0.0 12
1731108221112 0.0967741935483871 13
1731108221113 0.0 15
1731108221114 0.0 16
1731108221114 0.06896551724137931 17
1731108221115 0.0 18
1731108221116 0.08571428571428572 19
