1731698709943 0.1111111111111111 0
1731698709945 0.02631578947368421 1
1731698709946 0.1724137931034483 2
1731698709947 0.15151515151515152 3
1731698709948 0.0 5
1731698709950 0.08695652173913043 6
1731698709951 0.0 7
1731698709953 0.0 8
1731698709954 0.0 9
1731698709955 0.0 10
1731698709956 0.15625 11
1731698709957 0.0 12
1731698709958 0.0 13
1731698709960 0.0 14
1731698709961 0.15625 15
1731698709962 0.15151515151515152 16
1731698709963 0.037037037037037035 17
1731698709964 0.02564102564102564 18
1731698709965 0.08571428571428572 19
