1731698709920 0.1111111111111111 0
1731698709921 0.02631578947368421 1
1731698709922 0.1724137931034483 2
1731698709924 0.15151515151515152 3
1731698709925 0.0 5
1731698709926 0.08695652173913043 6
1731698709927 0.0 7
1731698709928 0.0 8
1731698709930 0.0 9
1731698709931 0.0 10
1731698709932 0.15625 11
1731698709934 0.0 12
1731698709935 0.0 13
1731698709936 0.0 14
1731698709938 0.15625 15
1731698709939 0.15151515151515152 16
1731698709940 0.037037037037037035 17
1731698709941 0.02564102564102564 18
1731698709942 0.08571428571428572 19
