1731685666995 0.0 0
1731685666996 0.03571428571428571 2
1731685666997 0.06666666666666667 3
1731685666998 0.06451612903225806 4
1731685666999 0.09523809523809523 5
1731685667000 0.10714285714285714 6
1731685667001 0.07692307692307693 8
1731685667002 0.08333333333333333 9
1731685667003 0.0 10
1731685667004 0.06896551724137931 11
1731685667005 0.03225806451612903 12
1731685667006 0.0 13
1731685667007 0.1935483870967742 14
1731685667007 0.03125 15
1731685667008 0.06451612903225806 17
1731685667009 0.0 18
1731685667010 0.05263157894736842 19
