1731685667011 0.0 0
1731685667012 0.034482758620689655 1
1731685667013 0.03571428571428571 2
1731685667014 0.06666666666666667 3
1731685667014 0.06451612903225806 4
1731685667015 0.09523809523809523 5
1731685667016 0.10714285714285714 6
1731685667018 0.07692307692307693 8
1731685667019 0.08333333333333333 9
1731685667020 0.0 10
1731685667020 0.06896551724137931 11
1731685667021 0.03225806451612903 12
1731685667022 0.0 13
1731685667023 0.1935483870967742 14
1731685667024 0.03125 15
1731685667025 0.06451612903225806 17
1731685667026 0.0 18
1731685667027 0.05263157894736842 19
