1731016569942 0.0625 0
1731016569943 0.0 1
1731016569943 0.05 2
1731016569944 0.0 3
1731016569944 0.11764705882352941 4
1731016569944 0.05263157894736842 5
1731016569945 0.0 6
1731016569945 0.0 7
1731016569945 0.1 8
1731016569946 0.045454545454545456 9
1731016569946 0.038461538461538464 10
1731016569946 0.16666666666666666 11
1731016569947 0.10526315789473684 12
1731016569947 0.1 14
1731016569947 0.2631578947368421 15
1731016569948 0.0 16
1731016569948 0.0 17
1731016569948 0.25 18
1731016569949 0.0 19
