1731030897834 0.08108108108108109 0
1731030897835 0.12 1
1731030897835 0.1111111111111111 2
1731030897837 0.125 3
1731030897838 0.10714285714285714 4
1731030897839 0.10714285714285714 5
1731030897839 0.08823529411764706 6
1731030897840 0.10344827586206896 7
1731030897840 0.15151515151515152 8
1731030897841 0.10714285714285714 9
1731030897841 0.06896551724137931 10
1731030897842 0.1111111111111111 11
1731030897842 0.1111111111111111 12
1731030897843 0.1111111111111111 13
1731030897843 0.09375 14
1731030897844 0.07692307692307693 15
1731030897844 0.07407407407407407 16
1731030897845 0.07692307692307693 17
1731030897845 0.1 18
1731030897846 0.08571428571428572 19
