1731030897846 0.08108108108108109 0
1731030897847 0.12 1
1731030897847 0.1111111111111111 2
1731030897848 0.125 3
1731030897848 0.10714285714285714 4
1731030897849 0.10714285714285714 5
1731030897849 0.0 6
1731030897850 0.10344827586206896 7
1731030897851 0.15151515151515152 8
1731030897851 0.10714285714285714 9
1731030897852 0.06896551724137931 10
1731030897853 0.1111111111111111 11
1731030897854 0.1111111111111111 12
1731030897854 0.1111111111111111 13
1731030897855 0.09375 14
1731030897855 0.07692307692307693 15
1731030897856 0.07407407407407407 16
1731030897856 0.07692307692307693 17
1731030897857 0.1 18
1731030897857 0.08571428571428572 19
