1731030895870 0.11538461538461539 1
1731030895871 0.10714285714285714 2
1731030895872 0.1111111111111111 3
1731030895872 0.10714285714285714 4
1731030895873 0.1 5
1731030895873 0.10344827586206896 7
1731030895874 0.1 9
1731030895874 0.10344827586206896 10
1731030895875 0.1111111111111111 11
1731030895875 0.0 12
1731030895876 0.10344827586206896 13
1731030895876 0.10344827586206896 15
1731030895877 0.0 16
1731030895877 0.07407407407407407 17
1731030895877 0.0 18
1731030895878 0.08571428571428572 19
