1731030895879 0.11538461538461539 1
1731030895879 0.0 2
1731030895880 0.1111111111111111 3
1731030895880 0.10714285714285714 4
1731030895881 0.0 5
1731030895881 0.0 6
1731030895881 0.10344827586206896 7
1731030895882 0.15151515151515152 8
1731030895882 0.1 9
1731030895883 0.10344827586206896 10
1731030895883 0.1111111111111111 11
1731030895884 0.0 12
1731030895884 0.10344827586206896 13
1731030895885 0.10344827586206896 15
1731030895885 0.0 16
1731030895885 0.07407407407407407 17
1731030895886 0.0 18
1731030895887 0.08571428571428572 19
