1731016702121 0.0 0
1731016702122 0.13636363636363635 1
1731016702123 0.0 2
1731016702123 0.0 3
1731016702124 0.08695652173913043 5
1731016702124 0.14285714285714285 7
1731016702125 0.1 8
1731016702125 0.0 9
1731016702126 0.15789473684210525 10
1731016702126 0.17647058823529413 11
1731016702127 0.09523809523809523 12
1731016702127 0.1111111111111111 13
1731016702128 0.0 15
1731016702128 0.14285714285714285 16
1731016702129 0.0 17
1731016702129 0.09523809523809523 18
1731016702129 0.09090909090909091 19
