1731698875638 0.08571428571428572 0
1731698875640 0.11538461538461539 1
1731698875641 0.1111111111111111 2
1731698875642 0.0 3
1731698875644 0.07692307692307693 4
1731698875645 0.0 5
1731698875646 0.07692307692307693 6
1731698875648 0.06896551724137931 7
1731698875649 0.10714285714285714 8
1731698875650 0.07407407407407407 9
1731698875651 0.10714285714285714 10
1731698875652 0.12 11
1731698875653 0.10714285714285714 12
1731698875655 0.0967741935483871 13
1731698875656 0.1 14
1731698875657 0.0 15
1731698875658 0.07407407407407407 16
1731698875659 0.07142857142857142 17
1731698875661 0.10714285714285714 18
1731698875663 0.08571428571428572 19
