1731698875664 0.08571428571428572 0
1731698875665 0.11538461538461539 1
1731698875666 0.1111111111111111 2
1731698875668 0.0 3
1731698875669 0.07692307692307693 4
1731698875670 0.0 5
1731698875671 0.07692307692307693 6
1731698875672 0.06896551724137931 7
1731698875673 0.10714285714285714 8
1731698875675 0.07407407407407407 9
1731698875676 0.10714285714285714 10
1731698875678 0.12 11
1731698875679 0.10714285714285714 12
1731698875680 0.0967741935483871 13
1731698875681 0.1 14
1731698875683 0.0 15
1731698875684 0.07407407407407407 16
1731698875685 0.07142857142857142 17
1731698875686 0.10714285714285714 18
1731698875687 0.08571428571428572 19
