1731012615952 0.12121212121212122 0
1731012615952 0.0 1
1731012615952 0.0 2
1731012615953 0.043478260869565216 3
1731012615953 0.0 4
1731012615953 0.05 5
1731012615954 0.0 6
1731012615954 0.09523809523809523 7
1731012615955 0.07142857142857142 8
1731012615955 0.1 11
1731012615956 0.045454545454545456 12
1731012615956 0.08 13
1731012615956 0.047619047619047616 14
1731012615957 0.0 15
1731012615957 0.041666666666666664 16
1731012615957 0.05263157894736842 17
1731012615958 0.043478260869565216 18
1731012615958 0.07894736842105263 19
