1731373457212 0.0625 0
1731373457213 0.0 1
1731373457213 0.047619047619047616 2
1731373457214 0.09090909090909091 3
1731373457215 0.07142857142857142 4
1731373457216 0.1 5
1731373457217 0.15 6
1731373457218 0.05555555555555555 7
1731373457219 0.0 8
1731373457219 0.0 9
1731373457220 0.0967741935483871 10
1731373457221 0.06666666666666667 11
1731373457221 0.05263157894736842 12
1731373457223 0.0 13
1731373457224 0.0 14
1731373457225 0.0 15
1731373457226 0.0 16
1731373457226 0.10526315789473684 17
1731373457227 0.0 18
1731373457228 0.0 19
