1731698874864 0.08571428571428572 0
1731698874865 0.11538461538461539 1
1731698874867 0.1111111111111111 2
1731698874868 0.0 3
1731698874869 0.07692307692307693 4
1731698874870 0.0 5
1731698874871 0.07692307692307693 6
1731698874872 0.06896551724137931 7
1731698874874 0.10714285714285714 8
1731698874875 0.07407407407407407 9
1731698874876 0.10714285714285714 10
1731698874878 0.12 11
1731698874879 0.10714285714285714 12
1731698874880 0.0967741935483871 13
1731698874881 0.1 14
1731698874882 0.0 15
1731698874884 0.07407407407407407 16
1731698874885 0.07142857142857142 17
1731698874886 0.10714285714285714 18
1731698874887 0.08571428571428572 19
