1731698874839 0.08571428571428572 0
1731698874841 0.11538461538461539 1
1731698874842 0.1111111111111111 2
1731698874844 0.0 3
1731698874845 0.07692307692307693 4
1731698874846 0.0 5
1731698874847 0.07692307692307693 6
1731698874849 0.06896551724137931 7
1731698874850 0.10714285714285714 8
1731698874851 0.07407407407407407 9
1731698874852 0.10714285714285714 10
1731698874853 0.12 11
1731698874854 0.10714285714285714 12
1731698874856 0.0967741935483871 13
1731698874857 0.1 14
1731698874858 0.0 15
1731698874859 0.07407407407407407 16
1731698874860 0.07142857142857142 17
1731698874862 0.10714285714285714 18
1731698874863 0.08571428571428572 19
