1731712739027 0.038461538461538464 0
1731712739028 0.0 1
1731712739029 0.05555555555555555 2
1731712739030 0.02857142857142857 3
1731712739032 0.15789473684210525 4
1731712739033 0.07142857142857142 5
1731712739034 0.0 6
1731712739035 0.07407407407407407 7
1731712739036 0.1111111111111111 9
1731712739038 0.037037037037037035 10
1731712739039 0.08333333333333333 11
1731712739040 0.03125 12
1731712739041 0.14634146341463414 13
1731712739042 0.058823529411764705 14
1731712739043 0.030303030303030304 15
1731712739044 0.030303030303030304 16
1731712739045 0.14814814814814814 17
1731712739046 0.038461538461538464 18
1731712739047 0.0 19
