1731712739006 0.038461538461538464 0
1731712739007 0.0 1
1731712739009 0.05555555555555555 2
1731712739010 0.02857142857142857 3
1731712739011 0.15789473684210525 4
1731712739012 0.07142857142857142 5
1731712739013 0.0 6
1731712739014 0.07407407407407407 7
1731712739015 0.1111111111111111 9
1731712739016 0.037037037037037035 10
1731712739017 0.08333333333333333 11
1731712739019 0.03125 12
1731712739020 0.14634146341463414 13
1731712739021 0.058823529411764705 14
1731712739022 0.030303030303030304 15
1731712739023 0.030303030303030304 16
1731712739024 0.14814814814814814 17
1731712739025 0.038461538461538464 18
1731712739026 0.0 19
