1731012470937 0.08333333333333333 0
1731012470937 0.0 1
1731012470937 0.05555555555555555 2
1731012470938 0.0 3
1731012470938 0.06666666666666667 4
1731012470938 0.0 5
1731012470939 0.0 6
1731012470939 0.09523809523809523 7
1731012470939 0.0 8
1731012470940 0.0 9
1731012470940 0.09090909090909091 10
1731012470940 0.09090909090909091 11
1731012470941 0.1111111111111111 12
1731012470941 0.0 13
1731012470942 0.0 14
1731012470942 0.07407407407407407 15
1731012470943 0.043478260869565216 16
1731012470943 0.125 17
1731012470943 0.10526315789473684 18
