1731016545549 0.1 0
1731016545551 0.0 1
1731016545551 0.0 2
1731016545552 0.0 3
1731016545552 0.0 4
1731016545552 0.045454545454545456 5
1731016545553 0.05 6
1731016545553 0.045454545454545456 7
1731016545554 0.1 8
1731016545554 0.03571428571428571 9
1731016545554 0.0625 11
1731016545555 0.047619047619047616 12
1731016545555 0.09523809523809523 14
1731016545555 0.04 15
1731016545556 0.0 16
1731016545556 0.043478260869565216 17
1731016545557 0.07692307692307693 18
1731016545557 0.1111111111111111 19
