1731012547664 0.0 0
1731012547665 0.08333333333333333 1
1731012547666 0.045454545454545456 2
1731012547666 0.047619047619047616 3
1731012547667 0.045454545454545456 4
1731012547667 0.0 6
1731012547667 0.045454545454545456 7
1731012547668 0.08695652173913043 8
1731012547668 0.0 9
1731012547669 0.0 10
1731012547669 0.0 11
1731012547670 0.04 12
1731012547670 0.08695652173913043 13
1731012547670 0.0 14
1731012547671 0.09090909090909091 15
1731012547671 0.0 16
1731012547672 0.05263157894736842 18
1731012547672 0.0 19
