1731635981184 0.03125 0
1731635981186 0.030303030303030304 1
1731635981186 0.029411764705882353 2
1731635981187 0.06666666666666667 3
1731635981188 0.10714285714285714 4
1731635981189 0.038461538461538464 5
1731635981189 0.04878048780487805 6
1731635981191 0.029411764705882353 7
1731635981191 0.058823529411764705 8
1731635981192 0.037037037037037035 9
1731635981193 0.045454545454545456 10
1731635981194 0.16 11
1731635981195 0.03125 12
1731635981195 0.037037037037037035 13
1731635981197 0.13333333333333333 14
1731635981198 0.10256410256410256 15
1731635981199 0.14285714285714285 16
1731635981200 0.029411764705882353 17
1731635981200 0.12121212121212122 18
1731635981201 0.0625 19
