1731012581353 0.12121212121212122 0
1731012581354 0.05263157894736842 1
1731012581354 0.045454545454545456 2
1731012581355 0.047619047619047616 3
1731012581355 0.0 4
1731012581356 0.05 5
1731012581356 0.0 6
1731012581357 0.0 10
1731012581357 0.1 11
1731012581358 0.045454545454545456 12
1731012581358 0.08 13
1731012581359 0.047619047619047616 14
1731012581359 0.0 15
1731012581360 0.0 16
1731012581360 0.043478260869565216 17
1731012581361 0.045454545454545456 18
1731012581361 0.07894736842105263 19
