1731016559669 0.0 0
1731016559669 0.0 1
1731016559670 0.0 2
1731016559670 0.0 3
1731016559670 0.0 4
1731016559671 0.045454545454545456 5
1731016559671 0.047619047619047616 6
1731016559672 0.045454545454545456 7
1731016559672 0.058823529411764705 8
1731016559672 0.0 9
1731016559673 0.0 10
1731016559673 0.0625 11
1731016559674 0.047619047619047616 12
1731016559674 0.0 14
1731016559674 0.058823529411764705 15
1731016559675 0.0 16
1731016559675 0.043478260869565216 17
1731016559676 0.2222222222222222 18
1731016559676 0.038461538461538464 19
