1731016689968 0.0 0
1731016689969 0.13636363636363635 1
1731016689970 0.0 2
1731016689970 0.0 3
1731016689971 0.08695652173913043 5
1731016689971 0.14285714285714285 7
1731016689971 0.1 8
1731016689972 0.0 9
1731016689972 0.15789473684210525 10
1731016689973 0.17647058823529413 11
1731016689973 0.09523809523809523 12
1731016689974 0.1111111111111111 13
1731016689974 0.0 14
1731016689975 0.0 15
1731016689976 0.047619047619047616 16
1731016689977 0.0 17
1731016689977 0.045454545454545456 18
1731016689978 0.09090909090909091 19
