1731016689978 0.0 0
1731016689978 0.13636363636363635 1
1731016689979 0.0 2
1731016689979 0.0 3
1731016689980 0.0 5
1731016689980 0.0 6
1731016689981 0.14285714285714285 7
1731016689981 0.1 8
1731016689981 0.0 9
1731016689982 0.15789473684210525 10
1731016689982 0.1 11
1731016689983 0.09523809523809523 12
1731016689983 0.1111111111111111 13
1731016689984 0.0 14
1731016689984 0.0 15
1731016689985 0.047619047619047616 16
1731016689985 0.0 17
1731016689985 0.045454545454545456 18
1731016689986 0.09090909090909091 19
