1731615361728 0.0 0
1731615361729 0.058823529411764705 1
1731615361730 0.14285714285714285 2
1731615361731 0.18181818181818182 3
1731615361732 0.18181818181818182 4
1731615361732 0.0 5
1731615361733 0.14285714285714285 6
1731615361734 0.14285714285714285 7
1731615361734 0.09090909090909091 8
1731615361735 0.06666666666666667 9
1731615361736 0.2 10
1731615361737 0.0625 11
1731615361737 0.06666666666666667 12
1731615361738 0.058823529411764705 14
1731615361739 0.13333333333333333 15
1731615361740 0.07692307692307693 16
1731615361740 0.1 17
1731615361741 0.0 18
1731615361742 0.08571428571428572 19
