1731615361715 0.0 0
1731615361716 0.058823529411764705 1
1731615361717 0.14285714285714285 2
1731615361718 0.18181818181818182 3
1731615361718 0.18181818181818182 4
1731615361719 0.0 5
1731615361720 0.14285714285714285 6
1731615361720 0.14285714285714285 7
1731615361721 0.09090909090909091 8
1731615361722 0.2 10
1731615361723 0.08333333333333333 11
1731615361723 0.0 12
1731615361724 0.058823529411764705 14
1731615361725 0.13333333333333333 15
1731615361725 0.07692307692307693 16
1731615361726 0.1 17
1731615361727 0.0 18
1731615361728 0.08571428571428572 19
