1731012529627 0.0 0
1731012529627 0.0 1
1731012529628 0.05555555555555555 2
1731012529628 0.15 3
1731012529628 0.0 4
1731012529629 0.047619047619047616 5
1731012529629 0.0 6
1731012529629 0.0 7
1731012529630 0.0 8
1731012529630 0.2631578947368421 9
1731012529631 0.07692307692307693 11
1731012529631 0.11538461538461539 12
1731012529631 0.0 14
1731012529632 0.034482758620689655 15
1731012529632 0.10526315789473684 16
1731012529632 0.20833333333333334 17
1731012529633 0.0625 18
1731012529633 0.0 19
