1731016678284 0.13043478260869565 0
1731016678284 0.047619047619047616 1
1731016678285 0.05 2
1731016678285 0.0 3
1731016678286 0.0 4
1731016678286 0.0 5
1731016678287 0.0 7
1731016678287 0.047619047619047616 8
1731016678288 0.07142857142857142 9
1731016678288 0.15 10
1731016678288 0.05 11
1731016678289 0.047619047619047616 12
1731016678289 0.15789473684210525 13
1731016678290 0.047619047619047616 14
1731016678290 0.1 15
1731016678291 0.15 16
1731016678291 0.0 17
1731016678291 0.0 18
1731016678292 0.08823529411764706 19
