1731602746429 0.037037037037037035 0
1731602746430 0.0 1
1731602746431 0.0 2
1731602746432 0.13333333333333333 3
1731602746433 0.08695652173913043 4
1731602746434 0.0 5
1731602746434 0.0 6
1731602746435 0.0 7
1731602746436 0.0 8
1731602746437 0.0 9
1731602746437 0.02857142857142857 10
1731602746438 0.0 11
1731602746439 0.17391304347826086 12
1731602746440 0.06060606060606061 13
1731602746442 0.06451612903225806 14
1731602746443 0.037037037037037035 15
1731602746444 0.0 16
1731602746445 0.0 17
1731602746446 0.0 18
1731602746447 0.10526315789473684 19
