1731108156857 0.2 0
1731108156858 0.1 1
1731108156859 0.15789473684210525 2
1731108156860 0.125 3
1731108156860 0.058823529411764705 4
1731108156861 0.09523809523809523 5
1731108156862 0.045454545454545456 6
1731108156862 0.1111111111111111 7
1731108156863 0.11764705882352941 8
1731108156864 0.045454545454545456 9
1731108156864 0.0 11
1731108156865 0.05263157894736842 12
1731108156865 0.08695652173913043 14
1731108156866 0.09523809523809523 15
1731108156867 0.0 16
1731108156867 0.09090909090909091 18
