1731698384776 0.06666666666666667 0
1731698384777 0.0 1
1731698384778 0.04 2
1731698384779 0.0 3
1731698384780 0.05 4
1731698384782 0.0 5
1731698384783 0.0 6
1731698384786 0.0 7
1731698384787 0.0 8
1731698384789 0.05555555555555555 9
1731698384790 0.13043478260869565 10
1731698384791 0.2222222222222222 11
1731698384792 0.0 12
1731698384793 0.0 13
1731698384794 0.0 14
1731698384795 0.05555555555555555 15
1731698384797 0.2727272727272727 16
1731698384798 0.0 17
1731698384799 0.06666666666666667 18
1731698384800 0.0 19
